0.06
1.59
-10
14.05
14
-3.587291
1.621428
0
2
2
1
5.981841
8.74984
0
2
2
1
10.70098
5.5909
0
2
2
1
2.308064
3.10788
0
2
2
1
-0.6704922
-2.503409
0
2
2
1
-9.922739
-0.2647974
0
2
2
1
-7.764661
-6.858694
0
2
2
1
-14.91737
9.976364
0
2
2
1
-9.580121
4.339571
0
2
2
1
-4.989595
8.873181
0
2
2
1
14.90682
10.15154
0
2
2
1
12.38013
0.1417551
0
2
2
1
4.697666
-5.884702
0
2
2
1
15.77552
-5.997427
0
2
2
1
6
-5.011738
-3.492218
0
2
2
1
6.689543
2.526261
0
2
2
1
-9.165998
8.95532
0
2
2
1
11.30349
-3.695987
0
2
2
1
-14.72415
-1.681625
0
2
2
1
-4.334293
5.103584
0
2
2
1
