0.06
1.59
-10
15.7
21
-14.17102
1.462061
0
2
2
1
-7.502932
3.712012
0
2
2
1
-9.185896
9.265528
0
2
2
1
-5.248942
11.41358
0
2
2
1
-16.56831
10.82854
0
2
2
1
-16.72609
-3.674687
0
2
2
1
-9.018753
-6.710276
0
2
2
1
3.982389
-7.31697
0
2
2
1
-3.66652
-0.6968575
0
2
2
1
-3.632308
3.210625
0
2
2
1
1.701979
1.971859
0
2
2
1
6.300623
-5.381448
0
2
2
1
16.60073
-7.74166
0
2
2
1
17.69803
8.40012
0
2
2
1
-1.949291
10.09693
0
2
2
1
-4.701194
5.816193
0
2
2
1
8.14102
3.798129
0
2
2
1
15.17366
5.143504
0
2
2
1
12.97214
-1.094142
0
2
2
1
9.058321
-3.784892
0
2
2
1
3.248749
4.165051
0
2
2
1
8
11.51863
2.56656
0
2
2
1
-2.677375
-5.519282
0
2
2
1
4.835168
-1.624951
0
2
2
1
-14.85328
6.041167
0
2
2
1
-9.961012
6.041167
0
2
2
1
3.186972
6.836161
0
2
2
1
-9.504434
-0.434291
0
2
2
1
9.755888
0.07591879
0
2
2
1
