0.06
1.59
-10
15.1
24
17.11182
10.99013
0
2
2
1
-1.404089
-0.01939774
0
2
2
1
13.56171
11.00002
0
2
2
1
-16.93099
11.0949
0
2
2
1
-16.6575
6.495817
0
2
2
1
-11.15633
9.048233
0
2
2
1
-16.62696
-7.998158
0
2
2
1
16.72449
-8.101265
0
2
2
1
16.84151
8.023081
0
2
2
1
13.74663
-5.79053
0
2
2
1
14.10746
5.555643
0
2
2
1
10.26309
-6.122925
0
2
2
1
-1.323503
-6.786579
0
2
2
1
10.82183
-1.845088
0
2
2
1
8.274129
2.704379
0
2
2
1
4.270595
-2.81564
0
2
2
1
-3.49383
-2.81564
0
2
2
1
-14.10927
-6.819175
0
2
2
1
7.121585
8.467041
0
2
2
1
-7.92198
9.01298
0
2
2
1
0.2064042
5.919337
0
2
2
1
-13.62399
-4.028835
0
2
2
1
-6.466151
4.706145
0
2
2
1
-11.1976
5.434063
0
2
2
1
11
10.90952
3.148672
0
2
2
1
-17.08648
-2.704866
0
2
2
1
-16.54156
2.590484
0
2
2
1
-5.717089
-6.449353
0
2
2
1
-12.20767
1.557711
0
2
2
1
-8.204136
0.6478169
0
2
2
1
-3.71533
4.408713
0
2
2
1
0.3488594
-4.447585
0
2
2
1
15.63507
-3.780334
0
2
2
1
2.835902
6.956407
0
2
2
1
2.835902
6.956407
0
2
2
1
