0.06
1.59
-10
15.7
24
-1.272579
-8.030209
0
2
2
1
4.550607
-3.835032
0
2
2
1
-7.077381
-3.857822
0
2
2
1
-5.07942
-8.330136
0
2
2
1
-16.6575
-8.188585
0
2
2
1
-11.15633
-3.786164
0
2
2
1
-16.22228
-4.240343
0
2
2
1
-7.672417
8.433136
0
2
2
1
-16.2851
0.5652579
0
2
2
1
-16.54716
10.22356
0
2
2
1
-1.791005
10.29628
0
2
2
1
16.50687
10.41149
0
2
2
1
16.42498
5.122815
0
2
2
1
10.99527
7.809607
0
2
2
1
-1.900887
6.809085
0
2
2
1
-9.084112
-0.5609498
0
2
2
1
-2.395391
-0.8500144
0
2
2
1
5.142328
4.858967
0
2
2
1
8.855961
-3.268916
0
2
2
1
2.484282
-7.810493
0
2
2
1
17.31893
-8.12913
0
2
2
1
12.0448
-5.821036
0
2
2
1
16.83233
-1.190742
0
2
2
1
10.30869
2.080933
0
2
2
1
11
12.23921
-1.823213
0
2
2
1
11.2995
4.810772
0
2
2
1
-7.580613
3.746736
0
2
2
1
4.168864
0.02565658
0
2
2
1
-13.2483
7.685845
0
2
2
1
-9.822886
-6.231886
0
2
2
1
5.534682
8.629032
0
2
2
1
-1.327708
3.010237
0
2
2
1
13.95851
8.649372
0
2
2
1
-17.51413
5.857971
0
2
2
1
16.13279
2.100149
0
2
2
1
