0.06
1.59
-10
15.4
24
-15.61011
-7.625531
0
2
2
1
11.02561
7.149363
0
2
2
1
-10.60396
-7.96252
0
2
2
1
-1.726289
-8.445764
0
2
2
1
-2.377798
-5.529212
0
2
2
1
9.887455
-8.00649
0
2
2
1
12.91526
-3.546598
0
2
2
1
16.20418
-8.043453
0
2
2
1
16.78369
1.605884
0
2
2
1
5.768495
-4.518648
0
2
2
1
8.441814
2.029081
0
2
2
1
17.085
11.22087
0
2
2
1
6.539024
8.129072
0
2
2
1
11.1109
11.10493
0
2
2
1
-17.16343
11.20285
0
2
2
1
-16.59975
-4.723463
0
2
2
1
2.287429
6.145313
0
2
2
1
-1.679557
8.732419
0
2
2
1
-3.284679
4.882659
0
2
2
1
-8.61574
8.608286
0
2
2
1
-13.66863
8.63652
0
2
2
1
-8.594298
4.527414
0
2
2
1
-14.38647
-0.4969909
0
2
2
1
-13.9726
4.682506
0
2
2
1
11
-7.185822
2.108043
0
2
2
1
13.55419
-7.387683
0
2
2
1
16.87411
6.174867
0
2
2
1
9.892315
-3.443101
0
2
2
1
2.303284
-3.471997
0
2
2
1
-4.908818
9.261881
0
2
2
1
13.10813
2.616531
0
2
2
1
5.551989
5.322741
0
2
2
1
-11.07434
-0.7740823
0
2
2
1
-6.240696
-6.456107
0
2
2
1
3.240602
9.153288
0
2
2
1
