0.06
1.59
-10
15.2
25
13.42337
-4.711187
0
2
2
1
16.35942
-7.367375
0
2
2
1
16.72491
-1.144057
0
2
2
1
-4.695624
2.826695
0
2
2
1
9.884452
-4.209511
0
2
2
1
-8.973305
-2.012841
0
2
2
1
-3.691004
-5.141247
0
2
2
1
12.02514
-7.328619
0
2
2
1
-16.75877
-8.181929
0
2
2
1
-7.978418
-6.113291
0
2
2
1
-15.20288
-4.679414
0
2
2
1
-12.00346
0.6632404
0
2
2
1
-16.22583
-2.15362
0
2
2
1
-16.76785
10.77499
0
2
2
1
-8.365427
8.123558
0
2
2
1
-12.09078
10.72807
0
2
2
1
17.02412
10.6543
0
2
2
1
16.7963
2.133905
0
2
2
1
9.967347
2.518192
0
2
2
1
13.65425
7.123626
0
2
2
1
6.126913
7.646746
0
2
2
1
-4.635192
8.651485
0
2
2
1
-12.18698
3.902009
0
2
2
1
8.132429
5.177395
0
2
2
1
4.448248
2.15308
0
2
2
1
11
13.98442
4.582486
0
2
2
1
2.006789
6.524189
0
2
2
1
-9.300001
1.88583
0
2
2
1
-5.174296
-0.3638026
0
2
2
1
-14.13803
7.085622
0
2
2
1
6.748565
-1.570692
0
2
2
1
-1.73854
6.57564
0
2
2
1
12.97533
0.5938039
0
2
2
1
1.40785
2.745125
0
2
2
1
11.02543
9.600274
0
2
2
1
-0.3335958
-1.954219
0
2
2
1
