0.06
1.59
-10
15.9
26
-2.129887
-6.303906
0
2
2
1
-2.076294
-2.088555
0
2
2
1
7.47131
-0.912008
0
2
2
1
1.800644
-4.413253
0
2
2
1
6.786454
-5.604542
0
2
2
1
15.7676
-5.595841
0
2
2
1
9.854939
-8.587054
0
2
2
1
-17.4958
-8.552384
0
2
2
1
-4.933692
-4.391088
0
2
2
1
-10.67996
-5.067166
0
2
2
1
-10.96526
6.416811
0
2
2
1
-15.20266
-5.130831
0
2
2
1
-16.75262
0.2732621
0
2
2
1
-16.43845
10.18719
0
2
2
1
-3.677703
6.952312
0
2
2
1
-8.621065
10.53259
0
2
2
1
17.43983
10.94848
0
2
2
1
15.73449
-1.722952
0
2
2
1
14.24842
8.660031
0
2
2
1
3.765545
8.668224
0
2
2
1
11.47142
4.070357
0
2
2
1
2.550843
0.6277013
0
2
2
1
4.207024
4.643514
0
2
2
1
-7.011463
-1.357347
0
2
2
1
-7.839024
3.483499
0
2
2
1
-2.150287
3.426039
0
2
2
1
11
-14.37215
4.545916
0
2
2
1
-17.87345
-3.249314
0
2
2
1
7.546002
4.013028
0
2
2
1
0.2087297
6.400772
0
2
2
1
11.57307
-2.018413
0
2
2
1
-5.509002
-7.474453
0
2
2
1
16.58252
-8.601792
0
2
2
1
13.13753
1.448302
0
2
2
1
-6.287675
5.693008
0
2
2
1
-12.20631
10.58428
0
2
2
1
2.981315
-7.466166
0
2
2
1
