0.06
1.59
-10
15.9
30
-17.55571
-8.121947
0
2
2
1
-11.9378
-4.89826
0
2
2
1
-17.20999
-4.878649
0
2
2
1
-7.399762
-2.48502
0
2
2
1
-10.56758
-8.524445
0
2
2
1
17.69582
-8.460634
0
2
2
1
12.27901
-2.361646
0
2
2
1
17.59791
-3.483912
0
2
2
1
17.65409
10.97963
0
2
2
1
14.66243
0.6073251
0
2
2
1
8.757742
1.513613
0
2
2
1
10.91104
-5.461388
0
2
2
1
4.898612
4.294994
0
2
2
1
12.92567
6.275644
0
2
2
1
13.67634
10.36803
0
2
2
1
0.3589659
5.353923
0
2
2
1
3.942277
-3.485664
0
2
2
1
-0.4074974
-4.918308
0
2
2
1
-4.923664
5.299403
0
2
2
1
6.685421
9.329321
0
2
2
1
-17.2316
11.06707
0
2
2
1
-17.06197
-0.8597884
0
2
2
1
-14.02849
6.792115
0
2
2
1
-3.981406
8.72452
0
2
2
1
-8.94088
5.687185
0
2
2
1
-11.46087
-0.9813271
0
2
2
1
-5.621103
0.5612478
0
2
2
1
-3.968341
-7.151657
0
2
2
1
5.342231
-5.939632
0
2
2
1
13.66116
-7.482217
0
2
2
1
11
9.758213
10.55096
0
2
2
1
3.887965
11.01955
0
2
2
1
-12.61773
2.305171
0
2
2
1
13.21046
3.26052
0
2
2
1
0.6648369
-0.4207412
0
2
2
1
-6.941397
-6.262422
0
2
2
1
-13.00198
9.358255
0
2
2
1
9.776899
3.651986
0
2
2
1
-14.38625
-2.460633
0
2
2
1
-0.4716825
2.651008
0
2
2
1
-7.982032
2.615698
0
2
2
1
