0.06
1.59
-10
13.31318
13
3.943528
2.975699
0
2.3
2.3
1
7.376001
8.333441
0
2.3
2.3
1
10.20495
3.014582
0
2.3
2.3
1
14.31248
0.5014467
0
2.3
2.3
1
7.446099
-4.476388
0
2.3
2.3
1
-3.23542
8.00987
0
2.3
2.3
1
-7.553664
2.895797
0
2.3
2.3
1
-11.08336
8.047249
0
2.3
2.3
1
-13.75448
2.848098
0
2.3
2.3
1
-9.270807
-2.446442
0
2.3
2.3
1
-3.069991
1.226349
0
2.3
2.3
1
1.556772
-4.87907
0
2.3
2.3
1
-13.1821
-4.783674
0
2.3
2.3
1
