0.06
1.59
-10
13.31318
14
3.275748
2.498712
0
2.2
2.2
1
-2.449916
-0.9200888
0
2.2
2.2
1
0.1405406
-4.903386
0
2.2
2.2
1
-7.724282
-4.888496
0
2.2
2.2
1
-9.439203
0.5796626
0
2.2
2.2
1
-13.63372
-3.199305
0
2.2
2.2
1
-13.84988
5.042233
0
2.2
2.2
1
-10.41558
3.706669
0
2.2
2.2
1
-13.84988
8.524236
0
2.2
2.2
1
-1.782129
4.708347
0
2.2
2.2
1
9.474741
8.381141
0
2.2
2.2
1
4.800277
-4.831375
0
2.2
2.2
1
14.38768
1.083253
0
2.2
2.2
1
10.09481
1.17865
0
2.2
2.2
1
2
-6.148005
2.964595
0
2.2
2.2
1
12.97914
4.347855
0
2.2
2.2
1
