0.06
1.59
-10
13.31318
14
-0.2891963
2.318209
0
2
2
1
-0.1033695
-2.770249
0
2
2
1
-3.55978
-0.02978992
0
2
2
1
-6.09975
-5.114126
0
2
2
1
-13.81641
1.166299
0
2
2
1
-8.714994
-0.3112495
0
2
2
1
-13.84987
8.516922
0
2
2
1
-7.392142
3.751796
0
2
2
1
-7.396876
8.659614
0
2
2
1
14.10218
8.408667
0
2
2
1
3.24737
5.041828
0
2
2
1
14.00595
-0.1834092
0
2
2
1
9.017703
-5.234371
0
2
2
1
3.371055
0.8627669
0
2
2
1
4
9.194797
-0.7357265
0
2
2
1
-2.905171
-4.948074
0
2
2
1
-3.175928
4.979618
0
2
2
1
14.37804
4.573484
0
2
2
1
