0.06
1.59
-10
13.31318
14
-10.53277
0.06191516
0
2
2
1
-6.556371
-2.228741
0
2
2
1
-12.94596
-4.948513
0
2
2
1
14.34226
-4.978747
0
2
2
1
-3.66309
-1.947387
0
2
2
1
-13.40809
8.398045
0
2
2
1
-1.53051
2.244428
0
2
2
1
-1.977037
5.105571
0
2
2
1
-6.494359
7.982721
0
2
2
1
1.899326
7.252947
0
2
2
1
2.931488
-1.320923
0
2
2
1
14.32183
-1.356682
0
2
2
1
10.4166
8.348517
0
2
2
1
6.078606
1.40428
0
2
2
1
6
10.7742
1.340062
0
2
2
1
5.533369
5.430875
0
2
2
1
-13.50975
-1.563635
0
2
2
1
-9.62893
8.499435
0
2
2
1
14.19753
8.228678
0
2
2
1
-0.3781204
-1.067246
0
2
2
1
