0.06
1.59
-10
14.8
16
2.935057
-7.33199
0
2
2
1
15.18618
-6.903819
0
2
2
1
6.257145
-1.227928
0
2
2
1
15.77665
1.921997
0
2
2
1
0.4333153
6.034949
0
2
2
1
11.99803
7.38415
0
2
2
1
-0.5365229
8.972846
0
2
2
1
-2.989459
1.141533
0
2
2
1
-16.27213
9.913216
0
2
2
1
-6.513471
-1.799769
0
2
2
1
1.280479
1.791067
0
2
2
1
4.044347
-4.068131
0
2
2
1
-12.64308
-5.884703
0
2
2
1
-15.23899
2.17846
0
2
2
1
-16.1877
-7.308605
0
2
2
1
-4.7384
-7.834338
0
2
2
1
6
12.00844
-1.001862
0
2
2
1
6.71092
2.1112
0
2
2
1
7.980116
-5.097393
0
2
2
1
6.069695
10.53461
0
2
2
1
-9.230686
9.347087
0
2
2
1
-8.829009
2.435349
0
2
2
1
