0.06
1.59
-10
15.5
18
-6.943112
2.146011
0
2
2
1
12.09982
0.2719102
0
2
2
1
7.577734
7.374708
0
2
2
1
15.51325
4.01236
0
2
2
1
12.89802
-3.942237
0
2
2
1
-0.9854841
-2.377624
0
2
2
1
5.641781
-4.971909
0
2
2
1
-6.61328
-2.102931
0
2
2
1
-13.55386
4.01027
0
2
2
1
-2.04833
9.097458
0
2
2
1
-7.380114
10.20776
0
2
2
1
17.04706
10.32066
0
2
2
1
14.8604
-6.95635
0
2
2
1
3.516858
-8.034122
0
2
2
1
-8.42219
-7.804524
0
2
2
1
-17.26167
8.43947
0
2
2
1
-17.26168
-2.69599
0
2
2
1
-11.96696
-7.767776
0
2
2
1
7
-16.02531
-7.738431
0
2
2
1
11.62986
4.867201
0
2
2
1
-1.817808
5.898005
0
2
2
1
5.195113
-0.01845646
0
2
2
1
-11.33588
-0.477651
0
2
2
1
-3.299979
-6.160176
0
2
2
1
-9.326906
4.975285
0
2
2
1
