0.06
1.59
-10
14.9
18
8.761625
6.326125
0
2
2
1
13.24324
-3.835645
0
2
2
1
5.335439
-5.356765
0
2
2
1
16.50004
-7.244918
0
2
2
1
15.08473
9.131395
0
2
2
1
1.866025
8.820709
0
2
2
1
4.413519
0.5010891
0
2
2
1
-3.109609
-3.858173
0
2
2
1
1.410374
-6.915451
0
2
2
1
-8.623003
-6.354668
0
2
2
1
-16.33651
9.861473
0
2
2
1
-2.996867
10.01394
0
2
2
1
-9.220635
5.72398
0
2
2
1
-10.82882
0.9642355
0
2
2
1
-0.9620265
-0.9438579
0
2
2
1
-7.455861
2.861125
0
2
2
1
-0.5561562
5.90511
0
2
2
1
1.523901
3.520654
0
2
2
1
7
-5.237614
7.432303
0
2
2
1
-14.90215
-2.157753
0
2
2
1
7.640376
3.203963
0
2
2
1
-12.50092
4.573484
0
2
2
1
-3.673355
2.696359
0
2
2
1
5.407872
6.856471
0
2
2
1
10.48118
-0.6520287
0
2
2
1
