0.06
1.59
-10
15.9
20
-10.86135
10.16761
0
2
2
1
4.945057
9.847473
0
2
2
1
-10.7452
6.719222
0
2
2
1
-15.32103
9.484283
0
2
2
1
-12.88621
4.027292
0
2
2
1
6.220793
3.576767
0
2
2
1
2.479251
5.729281
0
2
2
1
11.42688
6.172637
0
2
2
1
5.856339
-0.1434517
0
2
2
1
17.22205
0.4859076
0
2
2
1
14.35876
-7.062385
0
2
2
1
-7.768194
-8.589151
0
2
2
1
-8.870983
-1.052918
0
2
2
1
-14.15481
-8.087014
0
2
2
1
-12.90771
-2.805176
0
2
2
1
-15.7687
3.063533
0
2
2
1
8.733156
-2.951894
0
2
2
1
-2.050594
-1.558077
0
2
2
1
-6.232049
-4.565787
0
2
2
1
0.344552
-4.955924
0
2
2
1
8
4.834875
-5.125352
0
2
2
1
-17.63531
-4.214483
0
2
2
1
16.52724
6.666871
0
2
2
1
-14.52476
0.1719519
0
2
2
1
1.760905
1.932563
0
2
2
1
12.1045
0.8321793
0
2
2
1
15.69907
-3.275916
0
2
2
1
-1.760338
8.681578
0
2
2
1
