0.06
1.59
-10
15.4
20
1.955976
4.745422
0
2
2
1
6.328742
-1.799364
0
2
2
1
-4.166586
1.851299
0
2
2
1
-2.640972
8.235544
0
2
2
1
-9.99355
6.991609
0
2
2
1
-7.197987
2.480045
0
2
2
1
-4.505107
-4.711388
0
2
2
1
11.66147
-7.474065
0
2
2
1
4.981908
4.047908
0
2
2
1
8.276866
6.406215
0
2
2
1
16.23296
3.767539
0
2
2
1
0.5349207
9.707479
0
2
2
1
-13.7981
9.571626
0
2
2
1
-11.19222
4.018141
0
2
2
1
-13.86215
-1.807167
0
2
2
1
-9.432491
-2.353291
0
2
2
1
-4.153304
-7.329076
0
2
2
1
-13.07331
-6.418869
0
2
2
1
-16.53209
0.1346035
0
2
2
1
-17.13889
9.540051
0
2
2
1
8
11.98609
-0.06823707
0
2
2
1
-4.907619
4.639417
0
2
2
1
-10.51825
1.156757
0
2
2
1
2.484697
-4.225162
0
2
2
1
13.28579
8.517702
0
2
2
1
2.848778
-0.09890103
0
2
2
1
-4.432861
-1.312508
0
2
2
1
-10.19749
-7.562581
0
2
2
1
