0.06
1.59
-10
15.3
22
0.3213409
9.241642
0
2
2
1
14.96549
9.469368
0
2
2
1
13.31484
4.871314
0
2
2
1
16.31369
-7.755332
0
2
2
1
5.472966
-7.69964
0
2
2
1
-16.9438
-7.836952
0
2
2
1
-16.47875
-1.937686
0
2
2
1
-13.81013
0.6894685
0
2
2
1
-8.657088
5.88509
0
2
2
1
-15.9995
10.4192
0
2
2
1
4.9134
4.944299
0
2
2
1
6.996317
-2.01229
0
2
2
1
9.821872
2.124026
0
2
2
1
7.18827
6.833033
0
2
2
1
12.29949
-0.4355898
0
2
2
1
1.951925
-5.427811
0
2
2
1
-3.098271
2.875264
0
2
2
1
-7.284902
-3.862399
0
2
2
1
-5.841553
5.783325
0
2
2
1
-10.08616
3.165155
0
2
2
1
-13.62893
-5.955717
0
2
2
1
-3.101327
-5.781781
0
2
2
1
9
3.433776
1.70965
0
2
2
1
13.03392
7.57256
0
2
2
1
-9.839214
-1.136667
0
2
2
1
6.845447
2.645621
0
2
2
1
10.97553
-5.067678
0
2
2
1
-0.8977449
-3.686503
0
2
2
1
3.965895
7.664997
0
2
2
1
-3.296622
5.834113
0
2
2
1
-12.9393
6.87162
0
2
2
1
