0.06
1.59
-10
15.9
24
0.6902161
0.7609372
0
2
2
1
-8.335613
-3.767951
0
2
2
1
-11.216
-3.910845
0
2
2
1
-9.413322
11.03263
0
2
2
1
-6.692653
8.528992
0
2
2
1
-9.2946
4.796514
0
2
2
1
0.6956249
8.541634
0
2
2
1
-5.073047
1.878725
0
2
2
1
4.574124
3.855858
0
2
2
1
5.75449
-5.292863
0
2
2
1
12.77097
-4.097231
0
2
2
1
12.37607
-0.08985877
0
2
2
1
7.411214
1.763953
0
2
2
1
14.60641
4.077549
0
2
2
1
13.50788
7.556234
0
2
2
1
8.930659
10.3636
0
2
2
1
16.4062
9.353441
0
2
2
1
16.80347
-8.00631
0
2
2
1
2.705641
-2.025412
0
2
2
1
-13.77235
-4.4666
0
2
2
1
-14.19885
3.765502
0
2
2
1
-17.74007
7.002459
0
2
2
1
-17.0402
-7.440581
0
2
2
1
-3.413187
-7.629846
0
2
2
1
9
12.36864
2.438164
0
2
2
1
-15.07328
9.116608
0
2
2
1
3.996318
8.709948
0
2
2
1
14.09974
11.4693
0
2
2
1
6.992965
-1.120175
0
2
2
1
-7.959283
-0.99812
0
2
2
1
-3.931335
9.193815
0
2
2
1
1.012062
-4.6599
0
2
2
1
-15.64903
0.2224612
0
2
2
1
