0.06
1.59
-10
15.5
26
12.42082
6.78123
0
2
2
1
16.35824
10.39363
0
2
2
1
16.43265
1.330385
0
2
2
1
6.455214
5.301146
0
2
2
1
10.18604
10.03229
0
2
2
1
2.594738
9.919477
0
2
2
1
3.14113
-0.8522122
0
2
2
1
-6.031494
4.548706
0
2
2
1
-4.906354
-2.188282
0
2
2
1
-11.98209
2.409791
0
2
2
1
-10.14643
7.472855
0
2
2
1
0.4010787
3.467607
0
2
2
1
-3.074826
10.32858
0
2
2
1
-17.15954
10.33509
0
2
2
1
-17.20384
-7.767873
0
2
2
1
-10.78408
-2.304002
0
2
2
1
-3.002274
-6.171924
0
2
2
1
-11.24256
-7.708885
0
2
2
1
3.339648
-7.984451
0
2
2
1
0.07925226
-3.712665
0
2
2
1
10.31439
-7.91476
0
2
2
1
6.449788
0.7882576
0
2
2
1
15.92614
-1.926684
0
2
2
1
10.89797
-3.774066
0
2
2
1
16.00716
-7.524749
0
2
2
1
13.16823
-7.840199
0
2
2
1
11
5.591177
-3.885613
0
2
2
1
4.371778
3.389895
0
2
2
1
-8.241055
2.160769
0
2
2
1
-14.62126
7.444441
0
2
2
1
-5.272591
8.185373
0
2
2
1
-2.789462
-0.1410171
0
2
2
1
-14.64778
-0.8476917
0
2
2
1
14.62848
4.277969
0
2
2
1
0.2967665
8.24388
0
2
2
1
11.35454
0.3073621
0
2
2
1
4.842582
7.448668
0
2
2
1
