0.06
1.59
-10
15.7
26
-5.340185
3.866889
0
2
2
1
-9.760892
9.40386
0
2
2
1
-0.1736212
3.914807
0
2
2
1
-8.006539
-2.28715
0
2
2
1
-9.774474
5.083411
0
2
2
1
-13.29672
8.654758
0
2
2
1
-13.24519
5.031464
0
2
2
1
-16.80907
10.92727
0
2
2
1
-1.387138
11.00875
0
2
2
1
4.129283
3.839461
0
2
2
1
-2.99804
-2.259959
0
2
2
1
-8.012028
-5.935282
0
2
2
1
-13.35752
0.1008804
0
2
2
1
-16.77463
3.406655
0
2
2
1
-16.43402
-7.987832
0
2
2
1
7.471817
-7.91274
0
2
2
1
3.706222
-2.267805
0
2
2
1
11.96224
-7.928849
0
2
2
1
9.828197
-1.165989
0
2
2
1
15.59917
-2.939119
0
2
2
1
15.59322
10.5061
0
2
2
1
8.539336
10.74102
0
2
2
1
12.57191
2.747265
0
2
2
1
6.494291
7.376889
0
2
2
1
2.150286
10.89611
0
2
2
1
5.403463
10.78196
0
2
2
1
