0.06
1.59
-10
15.7
28
1.248413
-4.596054
0
2
2
1
-2.771816
-0.876529
0
2
2
1
5.805898
-3.997172
0
2
2
1
6.463184
10.68201
0
2
2
1
3.295407
-1.086991
0
2
2
1
-1.774187
2.61289
0
2
2
1
2.210236
3.753583
0
2
2
1
-6.689651
6.21231
0
2
2
1
1.187425
9.271765
0
2
2
1
-6.068049
10.19336
0
2
2
1
-12.61419
5.149696
0
2
2
1
-11.02121
10.18479
0
2
2
1
-17.12906
9.969481
0
2
2
1
-17.66359
-8.103407
0
2
2
1
-14.66799
2.655122
0
2
2
1
-13.69126
-6.545979
0
2
2
1
-7.082528
-1.943084
0
2
2
1
-8.076693
-8.113647
0
2
2
1
17.42958
-8.08799
0
2
2
1
8.905657
-6.096486
0
2
2
1
7.259911
0.3791835
0
2
2
1
9.899986
10.15865
0
2
2
1
16.78309
10.70366
0
2
2
1
11.96976
6.796293
0
2
2
1
16.81905
6.678843
0
2
2
1
16.8048
-4.507225
0
2
2
1
11.35068
-0.1549499
0
2
2
1
13.99511
3.260763
0
2
2
1
11
-3.257338
-5.591044
0
2
2
1
-10.99485
-0.6599842
0
2
2
1
2.590953
6.767636
0
2
2
1
15.1069
-0.1001016
0
2
2
1
-15.53972
6.796331
0
2
2
1
7.27195
6.904605
0
2
2
1
-12.00987
-4.029143
0
2
2
1
11.54377
-3.950734
0
2
2
1
10.19922
3.709691
0
2
2
1
-6.084282
1.769534
0
2
2
1
-10.19839
3.111528
0
2
2
1
