0.06
1.59
-10
13.31318
14
7.672746
-4.869937
0
2.3
2.3
1
-7.54938
-4.826902
0
2.3
2.3
1
4.740736
-2.549536
0
2.3
2.3
1
13.50947
-0.5570035
0
2.3
2.3
1
-3.363827
-0.2978292
0
2.3
2.3
1
-11.65088
0.698452
0
2.3
2.3
1
-3.773416
2.823781
0
2.3
2.3
1
8.939821
3.673881
0
2.3
2.3
1
0.8634872
4.755179
0
2.3
2.3
1
-7.939889
5.582259
0
2.3
2.3
1
-12.14068
7.158762
0
2.3
2.3
1
-2.947246
8.220071
0
2.3
2.3
1
7.112224
8.160542
0
2.3
2.3
1
13.77884
8.279591
0
2.3
2.3
1
