0.06
1.59
-10
13.31318
16
3.375091
2.969735
0
2.3
2.3
1
7.185423
8.160505
0
2.3
2.3
1
9.794016
3.542739
0
2.3
2.3
1
14.26511
3.693421
0
2.3
2.3
1
9.859715
-0.9590073
0
2.3
2.3
1
13.99334
-5.016008
0
2.3
2.3
1
6.238693
-4.543622
0
2.3
2.3
1
0.1556115
1.832026
0
2.3
2.3
1
-2.678534
8.24996
0
2.3
2.3
1
-6.239727
4.02377
0
2.3
2.3
1
-10.34606
8.339434
0
2.3
2.3
1
-13.14827
3.875191
0
2.3
2.3
1
-8.897707
-1.568206
0
2.3
2.3
1
-4.072939
0.2037802
0
2.3
2.3
1
-0.7274489
-4.543508
0
2.3
2.3
1
-11.77855
-4.590736
0
2.3
2.3
1
