0.06
1.59
-10
13.31318
16
2.448399
1.958798
0
2.2
2.2
1
-3.00819
-1.064296
0
2.2
2.2
1
1.243177
-5.050225
0
2.2
2.2
1
-6.627585
-5.025919
0
2.2
2.2
1
-13.64457
-5.002755
0
2.2
2.2
1
-13.55469
3.155731
0
2.2
2.2
1
-10.56813
1.142899
0
2.2
2.2
1
-1.264478
3.378484
0
2.2
2.2
1
-13.63035
8.460571
0
2.2
2.2
1
-0.3004727
8.446609
0
2.2
2.2
1
14.29554
8.50792
0
2.2
2.2
1
9.429319
5.517963
0
2.2
2.2
1
4.74994
-5.106486
0
2.2
2.2
1
10.24866
-2.618424
0
2.2
2.2
1
14.09963
-5.006854
0
2.2
2.2
1
12.48393
2.359455
0
2.2
2.2
1
2
10.44821
0.4372528
0
2.2
2.2
1
-6.734131
-1.759889
0
2.2
2.2
1
