0.06
1.59
-10
13.31318
16
0.259339
0.9905581
0
2
2
1
-4.397406
-1.022198
0
2
2
1
-0.06184377
-4.96603
0
2
2
1
-4.396425
-3.678803
0
2
2
1
-10.95033
-5.002755
0
2
2
1
-7.745245
2.187489
0
2
2
1
-13.55704
-1.046168
0
2
2
1
-13.59903
8.51437
0
2
2
1
0.3039055
3.745656
0
2
2
1
7.361256
8.488707
0
2
2
1
3.392304
1.056671
0
2
2
1
10.35546
-4.627519
0
2
2
1
14.55861
1.123935
0
2
2
1
11.00642
0.2442019
0
2
2
1
14.52059
8.464325
0
2
2
1
10.96842
6.021933
0
2
2
1
4
-10.21212
4.736941
0
2
2
1
8.461139
3.724
0
2
2
1
-4.354655
8.13692
0
2
2
1
2.632854
-2.077909
0
2
2
1
