0.06
1.59
-10
13.31318
16
-6.560447
8.231308
0
2
2
1
-9.02813
4.282081
0
2
2
1
-13.9119
2.611508
0
2
2
1
-10.24797
-0.6898844
0
2
2
1
-11.4976
-4.91856
0
2
2
1
-6.229733
-2.232742
0
2
2
1
-1.348786
-4.96123
0
2
2
1
-2.527407
-0.7891674
0
2
2
1
1.187953
2.524829
0
2
2
1
-4.089247
4.321056
0
2
2
1
8.907066
8.297419
0
2
2
1
6.14572
3.749872
0
2
2
1
14.39022
4.82851
0
2
2
1
6.3757
-0.2188711
0
2
2
1
14.3943
1.097269
0
2
2
1
7.937409
-3.618378
0
2
2
1
4
14.35248
8.244046
0
2
2
1
-6.506498
1.305325
0
2
2
1
14.31666
-3.584311
0
2
2
1
3.968544
-3.582529
0
2
2
1
